605.0122029593471 437.0959758673314 174.30342064404047 482.6750391414189 324.2787340821182 
47.96411014005669 273.1273854727747 612.5046282157526 576.8026940366076 226.97768631434826 
499.1403042746595 41.74307909222233 453.5953636797117 82.44600716901795 184.83039568156215 
415.43465936663745 224.595583414232 221.3173649679498 591.304718069912 139.32418592338814 
106.42088545222941 158.22356013118628 273.2266112425751 311.3808501905778 404.76465186512854 
484.1312529676769 397.6959546069665 160.97565515224215 427.53289604455864 328.19401710854305 
88.16605963804076 204.30650821768293 314.81468764583605 596.3989208114031 414.4909361837083 
274.6646050110684 481.7797515828484 220.60111585430772 400.1966744053958 136.13585760868523 
120.59703315847833 401.54057758456105 368.07072214443275 339.3311676898838 557.4680772940613 
179.4343104380875 495.16273245175734 527.7392131924819 210.86886642052008 415.7381312021835 
598.2908102454558 353.29554446832145 447.09393370222955 419.6716170285633 121.14693565164039 
509.7617971105418 379.1963738045157 403.0999236678349 444.09512924262754 342.5086520453742 
205.4177690415169 297.36636938635644 387.75635577499065 43.2963724117647 433.20145194963413 
615.6693603965033 531.4737808152796 588.6466774617306 84.88314447504293 394.57759349443177 
317.7520505205544 130.3996086611727 131.15241717223324 598.2771251474172 263.7645978818293 
97.04928680484737 548.379138242153 519.1441577882299 151.0224177098096 214.45213932929894 
545.8982082854251 58.23727113942914 414.2983628448502 204.5015547519841 259.34662095911347 
519.3027481593606 300.90039940016806 270.3624674244674 556.1465432735092 299.88700506468416 
321.3878601091941 426.8597892947854 149.22812044128636 613.1495023299686 462.82429898898505 
84.61453608367921 165.08573030793775 523.9702310557982 185.66062429236453 46.52097001346469 
62.261575560122175 332.9453974750868 375.34248399962667 225.15912952499585 146.3502180414282 
91.8648680175915 369.73543330097607 339.73593848138825 277.61781373208265 584.2655028516849 
133.4617555025255 201.14897472131668 117.32995223545076 454.6538285646684 400.24262226921815 
543.7664614994652 408.88164922148104 119.99184262455991 354.3394422857522 112.51752144380931 
139.82341802168494 447.0398875526093 372.1880350750443 463.88592129118365 180.87697329615312 
529.1500611140441 95.31936729660063 89.40166442554474 148.03451531893916 246.1041943336153 
255.66082354045724 420.22375335769993 583.8353042645051 240.58988599518577 24.311404722238056 
221.4080276657285 503.9130841212534 494.90857625810173 404.8849646757877 34.453797395867696 
304.90839195026916 41.5092598082971 342.5149451041553 76.72308356577626 379.83927188216205 
490.94157530771105 569.6145272604065 356.3261455368118 337.0242999300294 610.8222336581873 
