185.16246453820762 75.65521405899355 28.79942333972956 137.41576946274952 348.1435216423581 
201.99383221815398 349.6475788185475 122.24900591989623 396.9902367754739 76.69408282553569 
325.46499932251095 210.18579062715096 477.3970717844202 304.4279567731719 155.38067192724358 
319.855042591065 233.5864398116269 264.2333988493627 476.4705523892994 472.71260030917506 
188.9243943818344 29.07810071609578 162.23523380521576 218.601662814336 486.1860418649901 
79.15494517219251 169.203834746329 309.1465413186704 145.6736867439855 498.36228109723766 
152.36713585581518 370.93274159603436 124.39083273727707 468.42215072935363 195.1433831872555 
455.4265853690577 84.47537330533565 500.0895853419414 124.5794855226755 467.5874243672713 
404.0947704907125 465.90600529077307 507.49104257580933 100.12565904766944 89.00660404944082 
123.95007518984646 48.24418836356869 25.35956721544629 367.98753196742905 447.03890490106494 
233.88243705701706 221.62417316270572 380.33378727453567 196.8327794580904 197.30156402360342 
436.1852333433989 488.6362410741096 307.2967370178153 394.17575035014994 411.61150587235517 
375.033398844556 266.97176445258 314.3380794377004 127.55833888846561 204.14516994090712 
314.5090749629022 73.31847612198416 434.9158158504015 260.8907736276652 386.9204049619089 
354.7422700428606 84.27447417847554 96.39371470315766 384.9974779615607 299.2924401888842 
275.6618315857372 340.177113815573 445.3537925039888 60.93873351622752 481.5027476877818 
461.8524112125957 33.54187814274195 376.13679279919796 419.7568068055898 390.5046060902286 
297.6991280884909 116.7002593688779 179.185827781973 24.97712106323523 247.17521468824776 
422.0492578433148 123.70461594542824 293.2595768573728 445.59446829883666 131.53808321947042 
327.76811147074886 44.18128734907483 32.80605063503155 362.56545645216215 419.74798594025975 
179.61393514139738 15.175351581871102 205.17029182478436 335.25196428960595 60.38636818704917 
388.66939957337195 128.81629380827076 107.33879355680052 344.1146088435803 284.1897406041834 
322.06830808663244 445.5821542449126 38.15038467528874 449.6056691086626 310.86363641211534 
480.9365661022622 175.85111965001704 507.94101617946234 326.0815342662443 178.35836433837474 
149.37458701198025 56.167687559205476 16.113873747089606 44.1350476740126 357.2013748203445 
294.0590041404367 225.14011987850802 379.87583955024655 449.58822759895537 497.555914472845 
182.80985980672386 460.1169166317879 80.15546351571089 276.0993518050751 76.03584309019806 
135.49414220425342 196.81148955878302 178.38173437960617 98.60079862518144 488.4366207648427 
30.217655106377464 335.97079582633876 199.28107954515883 293.33408649474416 62.99649988484789 
459.2588747585287 374.1903085043222 158.13133387933019 387.88649887611274 125.19070513038776 
